mnode	ndep	nsat	npic	ncus	tdemand	vcap1	vcap2	nv1	nv2	vwt1	vwt2	speed1	speed2	ud1	ud2	utp	ucp	utc
26	2	4	10	10	1060	1200	500	4	20	180	180	40	30	1.5	1.1	0.2	1	1.2

No.	ddemand	dcap	nveh	vfc1	x-cor	y-cor
1	510	3200	2	250	4	32	
2	550	3600	2	260	32	10	

No.	scap	nveh	vfc	x-cor	y-cor	uhcost	uhtime
1	1000	5	230	16	23	0.15	0.06
2	1000	5	210	25	17	0.2	0.08
3	1100	5	230	28	17	0.25	0.06
4	900	5	230	8	25	0.2	0.05

No.	x-cor	y-cor
1	27.2	16.1
2	17.6	22.7
3	31.1	28.7
4	21.5	13.1
5	17.9	22.1
6	6.2	15.5
7	23.9	19.4
8	20.6	11.3
9	15.2	30.8
10	11.3	14

No.	cdemand	x-cor	y-cor
1	5	26.56	16.18
2	20	30.86	27.84
3	15	24.02	19.6
4	10	17.32	23.46
5	20	17.78	22.72
6	45	15.78	31.32
7	30	26.8	15.2
8	10	17.58	21.8
9	25	15.76	31.6
10	35	22.28	14

1 0 1 0 1 0 1 0 1 0 
0 1 0 1 0 1 0 1 0 1 